0
d-acc: 0.859961959106039
d-pre: 0.9780933062880325
d-rec: 0.8599453097134705
d-f1: 0.9152220675692776
c-acc: 0.5786970993818354
c-pre: 0.6581473968897904
c-rec: 0.57864700986803
c-f1: 0.6158420852840694
